

[[-0.00384218 -0.00285822 -0.00436406 ... -0.00439559 -0.00400839
  -0.00210663]
 [-0.00384218 -0.00285822 -0.00436406 ... -0.00439559 -0.00400839
  -0.00210663]
 [-0.00384218 -0.00285822 -0.00436406 ... -0.00439559 -0.00400839
  -0.00210663]
 ...
 [-0.00384218 -0.00285822 -0.00436406 ... -0.00439559 -0.00400839
  -0.00210663]
 [-0.00384218 -0.00285822 -0.00436406 ... -0.00439559 -0.00400839
  -0.00210663]
 [-0.00384218 -0.00285822 -0.00436406 ... -0.00439559 -0.00400839
  -0.00210663]]

[[-0.00384218 -0.00285822 -0.00436406 ... -0.00439559 -0.00400839
  -0.00210663]
 [-0.00384218 -0.00285822 -0.00436406 ... -0.00439559 -0.00400839
  -0.00210663]
 [-0.00384218 -0.00285822 -0.00436406 ... -0.00439559 -0.00400839
  -0.00210663]
 ...
 [-0.00384218 -0.00285822 -0.00436406 ... -0.00439559 -0.00400839
  -0.00210663]
 [-0.00384218 -0.00285822 -0.00436406 ... -0.00439559 -0.00400839
  -0.00210663]
 [-0.00384218 -0.00285822 -0.00436406 ... -0.00439559 -0.00400839
  -0.00210663]]